  3.127E+02
  3.127E+02
  3.128E+02
  3.129E+02
  3.130E+02
  3.132E+02
  3.135E+02
  3.138E+02
  3.141E+02
  3.145E+02
  3.150E+02
  3.160E+02
  3.169E+02
  3.176E+02
  3.185E+02
  3.190E+02
  3.196E+02
  3.200E+02
  3.214E+02
  3.222E+02
  3.230E+02
  3.246E+02
  3.257E+02
  3.263E+02
  3.275E+02
  3.297E+02
  3.302E+02
  3.311E+02
  3.320E+02
  3.338E+02
  3.354E+02
  3.368E+02
  3.388E+02
  3.400E+02
  3.408E+02
  3.424E+02
  3.440E+02
  3.455E+02
  3.469E+02
  3.486E+02
  3.511E+02
  3.528E+02
  3.540E+02
  3.553E+02
  3.560E+02
  3.567E+02
  3.582E+02
  3.600E+02
  3.618E+02
  3.629E+02
  3.655E+02
  3.676E+02
  3.688E+02
  3.704E+02
  3.724E+02
  3.750E+02
  3.768E+02
  3.788E+02
  3.809E+02
  3.827E+02
  3.848E+02
  3.863E+02
  3.886E+02
  3.905E+02
  3.925E+02
  3.952E+02
  3.971E+02
  3.994E+02
  4.029E+02
  4.050E+02
  4.074E+02
