0.8579448204813072,0.0,1.0264113431594928,0.0,1.0290031358160803,0.0,1.0056770019067929,0.0,0.9097806736130565,0.0
0.8630018887191953,0.14783821478382123,1.0262812113106263,0.1506276150627613,1.0210976259974514,0.1506276150627613,1.0107304553711016,0.1506276150627613,0.9303848830168897,0.1506276150627613
0.9017486467191409,0.24825662482566224,1.0313382795485146,0.24825662482566224,1.023555672031593,0.2538354253835423,1.0080121456392275,0.24825662482566224,0.9587680851640654,0.24825662482566224
0.9404954047190868,0.3486750348675033,1.0467589036391733,0.3486750348675033,1.0208373622997189,0.35146443514644327,1.0104774212205283,0.34588563458856325,1.0052902211337735,0.3486750348675033
0.9688749920926829,0.4490934449093443,1.041445186477132,0.4490934449093443,1.0103364450509231,0.4546722454672244,1.0207108452244322,0.4490934449093443,1.0544077645336491,0.4463040446304043
0.9920709941531036,0.5495118549511853,1.0387268767452578,0.5467224546722453,1.0050299574360408,0.5495118549511853,1.0283597061189078,0.5467224546722453,1.0646448033111324,0.5467224546722453
1.0567356787189242,0.6499302649930263,1.0256341668398745,0.6499302649930263,0.9997198550475794,0.6471408647140863,1.023042374183287,0.6499302649930263,1.0774700199716238,0.6499302649930263
1.1239957707149117,0.7475592747559273,0.9866307599157758,0.7475592747559273,0.9944025231119584,0.7503486750348672,1.015136864364658,0.7503486750348672,1.0488301689002952,0.7503486750348672
1.1627425287148574,0.8479776847977682,0.93466477493516,0.8479776847977682,0.9683544646972175,0.8507670850767084,0.9787252500971468,0.8479776847977682,1.004639561889442,0.8507670850767084
1.1522452262396412,0.9483960948396094,0.8723316193281943,0.9483960948396094,0.9319392356561267,0.9511854951185493,0.9241674724599438,0.9483960948396094,0.9785951182482806,0.9483960948396094
1.0743613146931508,1.0488145048814503,0.8125938711513958,1.0460251046025102,0.8799732506755107,1.0516039051603905,0.8773814580189232,1.0516039051603905,0.9447752966373568,1.0460251046025102
0.9524169279846733,1.1492329149232914,0.7476689228878426,1.1464435146443512,0.8331944657816495,1.1492329149232914,0.8176437098421245,1.1492329149232914,0.9083528380491066,1.1520223152022313
0.8589858752722377,1.2468619246861923,0.6801485671941223,1.2496513249651324,0.8019700516008927,1.2440725244072524,0.7708649249482635,1.2468619246861923,0.8667612532420002,1.2468619246861923
0.7577722150428802,1.3500697350069735,0.6178154115871567,1.3500697350069735,0.7525886297297053,1.3500697350069735,0.7007563913715354,1.3472803347280333,0.8303424094273295,1.3500697350069735
0.6747119477303739,1.4449093444909344,0.5528940780971832,1.4476987447698744,0.6824800961529771,1.4504881450488143,0.656565784360682,1.4476987447698744,0.7809682171033012,1.4504881450488143
0.6175587626630036,1.5481171548117152,0.4957445078033923,1.5481171548117152,0.6045997993800662,1.5481171548117152,0.6382894891421238,1.5509065550906553,0.7471447807187976,1.5509065550906553
0.5759635630823174,1.6457461645746163,0.44118673016618926,1.6485355648535562,0.5396748511165133,1.6485355648535562,0.6018778748746125,1.6485355648535562,0.7236921297342238,1.6485355648535562
0.5343647487280514,1.7461645746164574,0.4047715011250982,1.7489539748953975,0.4799371029397146,1.7461645746164574,0.5576872678637591,1.7489539748953975,0.6950522786628952,1.7489539748953975
0.49017775649077777,1.8437935843793583,0.3709480647405947,1.8493723849372385,0.43574649592886117,1.8465829846582984,0.5134966608529058,1.8493723849372385,0.674187805561329,1.8493723849372385
0.45375529790252755,1.9497907949790794,0.3474954137560209,1.9470013947001392,0.41229023017070765,1.9470013947001392,0.479676839241982,1.9470013947001392,0.6351807838636507,1.9497907949790794
