#FRAM_STRAIT
-20.00   79.00
-19.37   79.04
-18.74   79.07
-18.10   79.11
-17.46   79.14
-16.82   79.17
-16.17   79.20
-15.52   79.23
-14.87   79.25
-14.21   79.28
-13.55   79.30
-12.89   79.33
-12.22   79.35
-11.56   79.37
-10.89   79.39
-10.21   79.40
 -9.54   79.42
 -8.86   79.43
 -8.18   79.45
 -7.50   79.46
 -6.82   79.47
 -6.14   79.48
 -5.46   79.48
 -4.77   79.49
 -4.09   79.49
 -3.40   79.50
 -2.72   79.50
 -2.03   79.50
 -1.34   79.50
 -0.66   79.49
  0.03   79.49
  0.71   79.48
  1.39   79.47
  2.08   79.46
  2.76   79.45
  3.44   79.44
  4.11   79.43
  4.79   79.41
  5.46   79.40
  6.14   79.38
  6.81   79.36
  7.47   79.34
  8.14   79.32
  8.80   79.29
  9.46   79.27
 10.11   79.24
 10.77   79.22
 11.41   79.19
 12.06   79.16
 12.70   79.13
 13.34   79.09
 13.98   79.06
 14.61   79.02
 15.00   79.00
#DENMARK_STRAIT
-37.00   66.10
-36.69   66.11
-36.39   66.12
-36.08   66.13
-35.77   66.14
-35.46   66.15
-35.15   66.16
-34.84   66.17
-34.54   66.18
-34.23   66.18
-33.92   66.19
-33.61   66.20
-33.30   66.20
-32.99   66.21
-32.68   66.21
-32.37   66.21
-32.06   66.22
-31.75   66.22
-31.44   66.22
-31.13   66.22
-30.82   66.22
-30.51   66.22
-30.20   66.22
-29.89   66.22
-29.58   66.21
-29.27   66.21
-28.96   66.21
-28.65   66.20
-28.34   66.20
-28.03   66.19
-27.72   66.19
-27.41   66.18
-27.10   66.17
-26.80   66.17
-26.49   66.16
-26.18   66.15
-25.87   66.14
-25.56   66.13
-25.25   66.12
-24.95   66.10
-24.64   66.09
-24.33   66.08
-24.03   66.07
-23.72   66.05
-23.42   66.04
-23.11   66.02
-22.80   66.01
-22.68   66.00
#LANCASTER_SOUND
-82.00   73.40
-82.00   73.52
-82.00   73.65
-82.00   73.77
-82.00   73.90
-82.00   74.03
-82.00   74.15
-82.00   74.28
-82.00   74.40
-82.00   74.52
-82.00   74.65
-82.00   74.77
-82.00   74.90
-82.00   74.90
#JONES_STRAIT
-80.50   75.20
-80.47   75.32
-80.43   75.45
-80.40   75.57
-80.37   75.70
-80.33   75.82
-80.30   75.95
-80.26   76.07
-80.22   76.20
-80.19   76.32
-80.15   76.45
-80.11   76.57
-80.10   76.60
#ROBESON_CHANNEL
-77.00   78.10
-76.39   78.10
-75.79   78.09
-75.18   78.08
-74.58   78.08
-73.98   78.07
-73.38   78.06
-72.77   78.04
-72.18   78.03
-71.58   78.02
-71.00   78.00
#HUDSON_STRAIT
-64.70   60.40
-64.73   60.52
-64.77   60.65
-64.80   60.77
-64.83   60.90
-64.87   61.02
-64.90   61.14
-64.93   61.27
-64.97   61.39
-65.00   61.50
#BEAR_ISLAND
 20.90   71.50
 20.82   71.62
 20.74   71.75
 20.66   71.87
 20.58   71.99
 20.50   72.11
 20.42   72.24
 20.34   72.36
 20.25   72.48
 20.17   72.60
 20.08   72.72
 19.99   72.85
 19.90   72.97
 19.81   73.09
 19.72   73.21
 19.62   73.34
 19.53   73.46
 19.43   73.58
 19.34   73.70
 19.24   73.82
 19.14   73.94
 19.04   74.07
 18.93   74.19
 18.83   74.31
 18.72   74.43
 18.61   74.55
 18.50   74.67
 18.39   74.80
 18.28   74.92
 18.16   75.04
 18.05   75.16
 17.93   75.28
 17.81   75.40
 17.68   75.52
 17.56   75.65
 17.43   75.77
 17.30   75.89
 17.17   76.01
 17.04   76.13
 16.90   76.25
 16.76   76.37
 16.62   76.49
 16.48   76.61
 16.33   76.73
 16.19   76.85
 16.04   76.97
 16.00   77.00
#KOLA_SECTION
 33.50   69.50
 33.50   69.62
 33.50   69.75
 33.50   69.87
 33.50   70.00
 33.50   70.13
 33.50   70.25
 33.50   70.38
 33.50   70.50
 33.50   70.62
 33.50   70.75
 33.50   70.87
 33.50   71.00
 33.50   71.12
 33.50   71.25
 33.50   71.38
 33.50   71.50
 33.50   71.63
 33.50   71.75
 33.50   71.87
 33.50   72.00
 33.50   72.13
 33.50   72.25
 33.50   72.38
 33.50   72.50
 33.50   72.63
 33.50   72.75
 33.50   72.88
 33.50   73.00
 33.50   73.13
 33.50   73.25
 33.50   73.37
 33.50   73.50
 33.50   73.62
 33.50   73.75
 33.50   73.87
 33.50   74.00
 33.50   74.00
#SPITZBERGEN-FJLAND
 26.80   80.20
 27.41   80.27
 28.03   80.34
 28.66   80.41
 29.30   80.47
 29.94   80.54
 30.60   80.60
 31.26   80.66
 31.94   80.73
 32.62   80.79
 33.31   80.85
 34.01   80.90
 34.72   80.96
 35.43   81.01
 36.16   81.07
 36.89   81.12
 37.63   81.17
 38.38   81.22
 39.14   81.27
 39.91   81.31
 40.69   81.36
 41.47   81.40
 42.26   81.44
 43.06   81.48
 43.86   81.52
 44.68   81.56
 45.49   81.59
 46.32   81.63
 47.15   81.66
 47.99   81.69
 48.84   81.71
 49.69   81.74
 50.54   81.76
 51.40   81.79
 52.26   81.81
 53.13   81.83
 54.00   81.84
 54.88   81.86
 55.76   81.87
 56.64   81.88
 57.52   81.89
 58.40   81.90
#FJLAND-NOVAJAZEMLJA
 58.40   79.90
 58.74   79.79
 59.07   79.68
 59.39   79.57
 59.71   79.46
 60.02   79.35
 60.32   79.24
 60.62   79.12
 60.91   79.01
 61.19   78.90
 61.47   78.79
 61.75   78.67
 62.02   78.56
 62.28   78.45
 62.54   78.33
 62.79   78.22
 63.04   78.11
 63.28   77.99
 63.52   77.88
 63.76   77.76
 63.99   77.65
 64.22   77.53
 64.44   77.42
 64.66   77.30
 64.87   77.19
 65.08   77.07
 65.29   76.95
 65.50   76.84
 65.70   76.72
 65.89   76.60
 65.90   76.60
#KARA_GATE
 57.80   70.50
 58.12   70.44
 58.30   70.40
#BERING_STRAIT
-171.00   66.00
-170.69   66.00
-170.39   66.01
-170.08   66.01
-169.77   66.02
-169.46   66.02
-169.16   66.02
-168.85   66.02
-168.54   66.02
-168.23   66.02
-167.93   66.02
-167.62   66.02
-167.31   66.02
-167.00   66.01
-166.70   66.01
-166.39   66.01
-166.08   66.00
-166.00   66.00
#ARCTIC_0
  0.00   90.00
  0.00   89.88
  0.00   89.75
  0.00   89.62
  0.00   89.50
  0.00   89.38
  0.00   89.25
  0.00   89.12
  0.00   89.00
  0.00   88.88
  0.00   88.75
  0.00   88.62
  0.00   88.50
  0.00   88.38
  0.00   88.25
  0.00   88.12
  0.00   88.00
  0.00   87.88
  0.00   87.75
  0.00   87.62
  0.00   87.50
  0.00   87.38
  0.00   87.25
  0.00   87.12
  0.00   87.00
  0.00   86.88
  0.00   86.75
  0.00   86.62
  0.00   86.50
  0.00   86.38
  0.00   86.25
  0.00   86.12
  0.00   86.00
  0.00   85.88
  0.00   85.75
  0.00   85.62
  0.00   85.50
  0.00   85.38
  0.00   85.25
  0.00   85.12
  0.00   85.00
  0.00   84.88
  0.00   84.75
  0.00   84.62
  0.00   84.50
  0.00   84.38
  0.00   84.25
  0.00   84.12
  0.00   84.00
  0.00   83.88
  0.00   83.75
  0.00   83.62
  0.00   83.50
  0.00   83.38
  0.00   83.25
  0.00   83.12
  0.00   83.00
  0.00   82.88
  0.00   82.75
  0.00   82.62
  0.00   82.50
  0.00   82.38
  0.00   82.25
  0.00   82.12
  0.00   82.00
  0.00   81.88
  0.00   81.75
  0.00   81.62
  0.00   81.50
  0.00   81.38
  0.00   81.25
  0.00   81.12
  0.00   81.00
  0.00   80.88
  0.00   80.75
  0.00   80.62
  0.00   80.50
  0.00   80.38
  0.00   80.25
  0.00   80.12
  0.00   80.00
  0.00   79.88
  0.00   79.75
  0.00   79.62
  0.00   79.50
  0.00   79.38
  0.00   79.25
  0.00   79.12
  0.00   79.00
  0.00   78.88
  0.00   78.75
  0.00   78.62
  0.00   78.50
  0.00   78.38
  0.00   78.25
  0.00   78.12
  0.00   78.00
  0.00   77.88
  0.00   77.75
  0.00   77.62
  0.00   77.50
  0.00   77.38
  0.00   77.25
  0.00   77.12
  0.00   77.00
  0.00   76.88
  0.00   76.75
  0.00   76.62
  0.00   76.50
  0.00   76.38
  0.00   76.25
  0.00   76.12
  0.00   76.00
  0.00   75.88
  0.00   75.75
  0.00   75.62
  0.00   75.50
  0.00   75.38
  0.00   75.25
  0.00   75.12
  0.00   75.00
  0.00   74.88
  0.00   74.75
  0.00   74.62
  0.00   74.50
  0.00   74.38
  0.00   74.25
  0.00   74.12
  0.00   74.00
  0.00   73.88
  0.00   73.75
  0.00   73.62
  0.00   73.50
  0.00   73.38
  0.00   73.25
  0.00   73.12
  0.00   73.00
  0.00   72.88
  0.00   72.75
  0.00   72.62
  0.00   72.50
  0.00   72.38
  0.00   72.25
  0.00   72.12
  0.00   72.00
  0.00   71.88
  0.00   71.75
  0.00   71.62
  0.00   71.50
  0.00   71.38
  0.00   71.25
  0.00   71.12
  0.00   71.00
  0.00   70.88
  0.00   70.75
  0.00   70.62
  0.00   70.50
  0.00   70.38
  0.00   70.25
  0.00   70.12
  0.00   70.00
#ARCTIC_30
 30.00   90.00
 30.00   89.88
 30.00   89.75
 30.00   89.62
 30.00   89.50
 30.00   89.38
 30.00   89.25
 30.00   89.12
 30.00   89.00
 30.00   88.88
 30.00   88.75
 30.00   88.62
 30.00   88.50
 30.00   88.38
 30.00   88.25
 30.00   88.12
 30.00   88.00
 30.00   87.88
 30.00   87.75
 30.00   87.62
 30.00   87.50
 30.00   87.38
 30.00   87.25
 30.00   87.12
 30.00   87.00
 30.00   86.88
 30.00   86.75
 30.00   86.62
 30.00   86.50
 30.00   86.38
 30.00   86.25
 30.00   86.12
 30.00   86.00
 30.00   85.88
 30.00   85.75
 30.00   85.62
 30.00   85.50
 30.00   85.38
 30.00   85.25
 30.00   85.12
 30.00   85.00
 30.00   84.88
 30.00   84.75
 30.00   84.62
 30.00   84.50
 30.00   84.38
 30.00   84.25
 30.00   84.12
 30.00   84.00
 30.00   83.88
 30.00   83.75
 30.00   83.62
 30.00   83.50
 30.00   83.38
 30.00   83.25
 30.00   83.12
 30.00   83.00
 30.00   82.88
 30.00   82.75
 30.00   82.62
 30.00   82.50
 30.00   82.38
 30.00   82.25
 30.00   82.12
 30.00   82.00
 30.00   81.88
 30.00   81.75
 30.00   81.62
 30.00   81.50
 30.00   81.38
 30.00   81.25
 30.00   81.12
 30.00   81.00
 30.00   80.88
 30.00   80.75
 30.00   80.62
 30.00   80.50
 30.00   80.38
 30.00   80.25
 30.00   80.12
 30.00   80.00
 30.00   79.88
 30.00   79.75
 30.00   79.62
 30.00   79.50
 30.00   79.38
 30.00   79.25
 30.00   79.12
 30.00   79.00
 30.00   78.88
 30.00   78.75
 30.00   78.62
 30.00   78.50
 30.00   78.38
 30.00   78.25
 30.00   78.12
 30.00   78.00
 30.00   77.88
 30.00   77.75
 30.00   77.62
 30.00   77.50
 30.00   77.38
 30.00   77.25
 30.00   77.12
 30.00   77.00
 30.00   76.88
 30.00   76.75
 30.00   76.62
 30.00   76.50
 30.00   76.38
 30.00   76.25
 30.00   76.12
 30.00   76.00
 30.00   75.88
 30.00   75.75
 30.00   75.62
 30.00   75.50
 30.00   75.38
 30.00   75.25
 30.00   75.12
 30.00   75.00
 30.00   74.88
 30.00   74.75
 30.00   74.62
 30.00   74.50
 30.00   74.38
 30.00   74.25
 30.00   74.12
 30.00   74.00
 30.00   73.88
 30.00   73.75
 30.00   73.62
 30.00   73.50
 30.00   73.38
 30.00   73.25
 30.00   73.12
 30.00   73.00
 30.00   72.88
 30.00   72.75
 30.00   72.62
 30.00   72.50
 30.00   72.38
 30.00   72.25
 30.00   72.12
 30.00   72.00
 30.00   71.88
 30.00   71.75
 30.00   71.62
 30.00   71.50
 30.00   71.38
 30.00   71.25
 30.00   71.12
 30.00   71.00
 30.00   70.88
 30.00   70.75
 30.00   70.62
 30.00   70.50
 30.00   70.38
 30.00   70.25
 30.00   70.12
 30.00   70.00
#ARCTIC_60
 60.00   90.00
 60.00   89.88
 60.00   89.75
 60.00   89.62
 60.00   89.50
 60.00   89.38
 60.00   89.25
 60.00   89.12
 60.00   89.00
 60.00   88.88
 60.00   88.75
 60.00   88.62
 60.00   88.50
 60.00   88.38
 60.00   88.25
 60.00   88.12
 60.00   88.00
 60.00   87.88
 60.00   87.75
 60.00   87.62
 60.00   87.50
 60.00   87.38
 60.00   87.25
 60.00   87.12
 60.00   87.00
 60.00   86.88
 60.00   86.75
 60.00   86.62
 60.00   86.50
 60.00   86.38
 60.00   86.25
 60.00   86.12
 60.00   86.00
 60.00   85.88
 60.00   85.75
 60.00   85.62
 60.00   85.50
 60.00   85.38
 60.00   85.25
 60.00   85.12
 60.00   85.00
 60.00   84.88
 60.00   84.75
 60.00   84.62
 60.00   84.50
 60.00   84.38
 60.00   84.25
 60.00   84.12
 60.00   84.00
 60.00   83.88
 60.00   83.75
 60.00   83.62
 60.00   83.50
 60.00   83.38
 60.00   83.25
 60.00   83.12
 60.00   83.00
 60.00   82.88
 60.00   82.75
 60.00   82.62
 60.00   82.50
 60.00   82.38
 60.00   82.25
 60.00   82.12
 60.00   82.00
 60.00   81.88
 60.00   81.75
 60.00   81.62
 60.00   81.50
 60.00   81.38
 60.00   81.25
 60.00   81.12
 60.00   81.00
 60.00   80.88
 60.00   80.75
 60.00   80.62
 60.00   80.50
 60.00   80.38
 60.00   80.25
 60.00   80.12
 60.00   80.00
 60.00   79.88
 60.00   79.75
 60.00   79.62
 60.00   79.50
 60.00   79.38
 60.00   79.25
 60.00   79.12
 60.00   79.00
 60.00   78.88
 60.00   78.75
 60.00   78.62
 60.00   78.50
 60.00   78.38
 60.00   78.25
 60.00   78.12
 60.00   78.00
 60.00   77.88
 60.00   77.75
 60.00   77.62
 60.00   77.50
 60.00   77.38
 60.00   77.25
 60.00   77.12
 60.00   77.00
 60.00   76.88
 60.00   76.75
 60.00   76.62
 60.00   76.50
 60.00   76.38
 60.00   76.25
 60.00   76.12
 60.00   76.00
 60.00   75.88
 60.00   75.75
 60.00   75.62
 60.00   75.50
 60.00   75.38
 60.00   75.25
 60.00   75.12
 60.00   75.00
 60.00   74.88
 60.00   74.75
 60.00   74.62
 60.00   74.50
 60.00   74.38
 60.00   74.25
 60.00   74.12
 60.00   74.00
 60.00   73.88
 60.00   73.75
 60.00   73.62
 60.00   73.50
 60.00   73.38
 60.00   73.25
 60.00   73.12
 60.00   73.00
 60.00   72.88
 60.00   72.75
 60.00   72.62
 60.00   72.50
 60.00   72.38
 60.00   72.25
 60.00   72.12
 60.00   72.00
 60.00   71.88
 60.00   71.75
 60.00   71.62
 60.00   71.50
 60.00   71.38
 60.00   71.25
 60.00   71.12
 60.00   71.00
 60.00   70.88
 60.00   70.75
 60.00   70.62
 60.00   70.50
 60.00   70.38
 60.00   70.25
 60.00   70.12
 60.00   70.00
 60.00   70.00
#ARCTIC_90
 30.00   90.00
 30.00   89.88
 30.00   89.75
 30.00   89.62
 30.00   89.50
 30.00   89.38
 30.00   89.25
 30.00   89.12
 30.00   89.00
 30.00   88.88
 30.00   88.75
 30.00   88.62
 30.00   88.50
 30.00   88.38
 30.00   88.25
 30.00   88.12
 30.00   88.00
 30.00   87.88
 30.00   87.75
 30.00   87.62
 30.00   87.50
 30.00   87.38
 30.00   87.25
 30.00   87.12
 30.00   87.00
 30.00   86.88
 30.00   86.75
 30.00   86.62
 30.00   86.50
 30.00   86.38
 30.00   86.25
 30.00   86.12
 30.00   86.00
 30.00   85.88
 30.00   85.75
 30.00   85.62
 30.00   85.50
 30.00   85.38
 30.00   85.25
 30.00   85.12
 30.00   85.00
 30.00   84.88
 30.00   84.75
 30.00   84.62
 30.00   84.50
 30.00   84.38
 30.00   84.25
 30.00   84.12
 30.00   84.00
 30.00   83.88
 30.00   83.75
 30.00   83.62
 30.00   83.50
 30.00   83.38
 30.00   83.25
 30.00   83.12
 30.00   83.00
 30.00   82.88
 30.00   82.75
 30.00   82.62
 30.00   82.50
 30.00   82.38
 30.00   82.25
 30.00   82.12
 30.00   82.00
 30.00   81.88
 30.00   81.75
 30.00   81.62
 30.00   81.50
 30.00   81.38
 30.00   81.25
 30.00   81.12
 30.00   81.00
 30.00   80.88
 30.00   80.75
 30.00   80.62
 30.00   80.50
 30.00   80.38
 30.00   80.25
 30.00   80.12
 30.00   80.00
 30.00   79.88
 30.00   79.75
 30.00   79.62
 30.00   79.50
 30.00   79.38
 30.00   79.25
 30.00   79.12
 30.00   79.00
 30.00   78.88
 30.00   78.75
 30.00   78.62
 30.00   78.50
 30.00   78.38
 30.00   78.25
 30.00   78.12
 30.00   78.00
 30.00   77.88
 30.00   77.75
 30.00   77.62
 30.00   77.50
 30.00   77.38
 30.00   77.25
 30.00   77.12
 30.00   77.00
 30.00   76.88
 30.00   76.75
 30.00   76.62
 30.00   76.50
 30.00   76.38
 30.00   76.25
 30.00   76.12
 30.00   76.00
 30.00   75.88
 30.00   75.75
 30.00   75.62
 30.00   75.50
 30.00   75.38
 30.00   75.25
 30.00   75.12
 30.00   75.00
 30.00   74.88
 30.00   74.75
 30.00   74.62
 30.00   74.50
 30.00   74.38
 30.00   74.25
 30.00   74.12
 30.00   74.00
 30.00   73.88
 30.00   73.75
 30.00   73.62
 30.00   73.50
 30.00   73.38
 30.00   73.25
 30.00   73.12
 30.00   73.00
 30.00   72.88
 30.00   72.75
 30.00   72.62
 30.00   72.50
 30.00   72.38
 30.00   72.25
 30.00   72.12
 30.00   72.00
 30.00   71.88
 30.00   71.75
 30.00   71.62
 30.00   71.50
 30.00   71.38
 30.00   71.25
 30.00   71.12
 30.00   71.00
 30.00   70.88
 30.00   70.75
 30.00   70.62
 30.00   70.50
 30.00   70.38
 30.00   70.25
 30.00   70.12
 30.00   70.00
#ARCTIC_120
120.00   90.00
120.00   89.88
120.00   89.75
120.00   89.62
120.00   89.50
120.00   89.38
120.00   89.25
120.00   89.12
120.00   89.00
120.00   88.88
120.00   88.75
120.00   88.62
120.00   88.50
120.00   88.38
120.00   88.25
120.00   88.12
120.00   88.00
120.00   87.88
120.00   87.75
120.00   87.62
120.00   87.50
120.00   87.38
120.00   87.25
120.00   87.12
120.00   87.00
120.00   86.88
120.00   86.75
120.00   86.62
120.00   86.50
120.00   86.38
120.00   86.25
120.00   86.12
120.00   86.00
120.00   85.88
120.00   85.75
120.00   85.62
120.00   85.50
120.00   85.38
120.00   85.25
120.00   85.12
120.00   85.00
120.00   84.88
120.00   84.75
120.00   84.62
120.00   84.50
120.00   84.38
120.00   84.25
120.00   84.12
120.00   84.00
120.00   83.88
120.00   83.75
120.00   83.62
120.00   83.50
120.00   83.38
120.00   83.25
120.00   83.12
120.00   83.00
120.00   82.88
120.00   82.75
120.00   82.62
120.00   82.50
120.00   82.38
120.00   82.25
120.00   82.12
120.00   82.00
120.00   81.88
120.00   81.75
120.00   81.62
120.00   81.50
120.00   81.38
120.00   81.25
120.00   81.12
120.00   81.00
120.00   80.88
120.00   80.75
120.00   80.62
120.00   80.50
120.00   80.38
120.00   80.25
120.00   80.12
120.00   80.00
120.00   79.88
120.00   79.75
120.00   79.62
120.00   79.50
120.00   79.38
120.00   79.25
120.00   79.12
120.00   79.00
120.00   78.88
120.00   78.75
120.00   78.62
120.00   78.50
120.00   78.38
120.00   78.25
120.00   78.12
120.00   78.00
120.00   77.88
120.00   77.75
120.00   77.62
120.00   77.50
120.00   77.38
120.00   77.25
120.00   77.12
120.00   77.00
120.00   76.88
120.00   76.75
120.00   76.62
120.00   76.50
120.00   76.38
120.00   76.25
120.00   76.12
120.00   76.00
120.00   75.88
120.00   75.75
120.00   75.62
120.00   75.50
120.00   75.38
120.00   75.25
120.00   75.12
120.00   75.00
120.00   74.88
120.00   74.75
120.00   74.62
120.00   74.50
120.00   74.38
120.00   74.25
120.00   74.12
120.00   74.00
120.00   73.88
120.00   73.75
120.00   73.62
120.00   73.50
120.00   73.38
120.00   73.25
120.00   73.12
120.00   73.00
120.00   72.88
120.00   72.75
120.00   72.62
120.00   72.50
120.00   72.38
120.00   72.25
120.00   72.12
120.00   72.00
120.00   71.88
120.00   71.75
120.00   71.62
120.00   71.50
120.00   71.38
120.00   71.25
120.00   71.12
120.00   71.00
120.00   70.88
120.00   70.75
120.00   70.62
120.00   70.50
120.00   70.38
120.00   70.25
120.00   70.12
120.00   70.00
120.00   70.00
#ARCTIC_150
150.00   90.00
150.00   89.88
150.00   89.75
150.00   89.62
150.00   89.50
150.00   89.38
150.00   89.25
150.00   89.12
150.00   89.00
150.00   88.88
150.00   88.75
150.00   88.62
150.00   88.50
150.00   88.38
150.00   88.25
150.00   88.12
150.00   88.00
150.00   87.88
150.00   87.75
150.00   87.62
150.00   87.50
150.00   87.38
150.00   87.25
150.00   87.12
150.00   87.00
150.00   86.88
150.00   86.75
150.00   86.62
150.00   86.50
150.00   86.38
150.00   86.25
150.00   86.12
150.00   86.00
150.00   85.88
150.00   85.75
150.00   85.62
150.00   85.50
150.00   85.38
150.00   85.25
150.00   85.12
150.00   85.00
150.00   84.88
150.00   84.75
150.00   84.62
150.00   84.50
150.00   84.38
150.00   84.25
150.00   84.12
150.00   84.00
150.00   83.88
150.00   83.75
150.00   83.62
150.00   83.50
150.00   83.38
150.00   83.25
150.00   83.12
150.00   83.00
150.00   82.88
150.00   82.75
150.00   82.62
150.00   82.50
150.00   82.38
150.00   82.25
150.00   82.12
150.00   82.00
150.00   81.88
150.00   81.75
150.00   81.62
150.00   81.50
150.00   81.38
150.00   81.25
150.00   81.12
150.00   81.00
150.00   80.88
150.00   80.75
150.00   80.62
150.00   80.50
150.00   80.38
150.00   80.25
150.00   80.12
150.00   80.00
150.00   79.88
150.00   79.75
150.00   79.62
150.00   79.50
150.00   79.38
150.00   79.25
150.00   79.12
150.00   79.00
150.00   78.88
150.00   78.75
150.00   78.62
150.00   78.50
150.00   78.38
150.00   78.25
150.00   78.12
150.00   78.00
150.00   77.88
150.00   77.75
150.00   77.62
150.00   77.50
150.00   77.38
150.00   77.25
150.00   77.12
150.00   77.00
150.00   76.88
150.00   76.75
150.00   76.62
150.00   76.50
150.00   76.38
150.00   76.25
150.00   76.12
150.00   76.00
150.00   75.88
150.00   75.75
150.00   75.62
150.00   75.50
150.00   75.38
150.00   75.25
150.00   75.12
150.00   75.00
150.00   74.88
150.00   74.75
150.00   74.62
150.00   74.50
150.00   74.38
150.00   74.25
150.00   74.12
150.00   74.00
150.00   73.88
150.00   73.75
150.00   73.62
150.00   73.50
150.00   73.38
150.00   73.25
150.00   73.12
150.00   73.00
150.00   72.88
150.00   72.75
150.00   72.62
150.00   72.50
150.00   72.38
150.00   72.25
150.00   72.12
150.00   72.00
150.00   71.88
150.00   71.75
150.00   71.62
150.00   71.50
150.00   71.38
150.00   71.25
150.00   71.12
150.00   71.00
150.00   70.88
150.00   70.75
150.00   70.62
150.00   70.50
150.00   70.38
150.00   70.25
150.00   70.12
150.00   70.00
#ARCTIC_180
180.00   90.00
180.00   89.88
180.00   89.75
180.00   89.62
180.00   89.50
180.00   89.38
180.00   89.25
180.00   89.12
180.00   89.00
180.00   88.88
180.00   88.75
180.00   88.62
180.00   88.50
180.00   88.38
180.00   88.25
180.00   88.12
180.00   88.00
180.00   87.88
180.00   87.75
180.00   87.62
180.00   87.50
180.00   87.38
180.00   87.25
180.00   87.12
180.00   87.00
180.00   86.88
180.00   86.75
180.00   86.62
180.00   86.50
180.00   86.38
180.00   86.25
180.00   86.12
180.00   86.00
180.00   85.88
180.00   85.75
180.00   85.62
180.00   85.50
180.00   85.38
180.00   85.25
180.00   85.12
180.00   85.00
180.00   84.88
180.00   84.75
180.00   84.62
180.00   84.50
180.00   84.38
180.00   84.25
180.00   84.12
180.00   84.00
180.00   83.88
180.00   83.75
180.00   83.62
180.00   83.50
180.00   83.38
180.00   83.25
180.00   83.12
180.00   83.00
180.00   82.88
180.00   82.75
180.00   82.62
180.00   82.50
180.00   82.38
180.00   82.25
180.00   82.12
180.00   82.00
180.00   81.88
180.00   81.75
180.00   81.62
180.00   81.50
180.00   81.38
180.00   81.25
180.00   81.12
180.00   81.00
180.00   80.88
180.00   80.75
180.00   80.62
180.00   80.50
180.00   80.38
180.00   80.25
180.00   80.12
180.00   80.00
180.00   79.88
180.00   79.75
180.00   79.62
180.00   79.50
180.00   79.38
180.00   79.25
180.00   79.12
180.00   79.00
180.00   78.88
180.00   78.75
180.00   78.62
180.00   78.50
180.00   78.38
180.00   78.25
180.00   78.12
180.00   78.00
180.00   77.88
180.00   77.75
180.00   77.62
180.00   77.50
180.00   77.38
180.00   77.25
180.00   77.12
180.00   77.00
180.00   76.88
180.00   76.75
180.00   76.62
180.00   76.50
180.00   76.38
180.00   76.25
180.00   76.12
180.00   76.00
180.00   75.88
180.00   75.75
180.00   75.62
180.00   75.50
180.00   75.38
180.00   75.25
180.00   75.12
180.00   75.00
180.00   74.88
180.00   74.75
180.00   74.62
180.00   74.50
180.00   74.38
180.00   74.25
180.00   74.12
180.00   74.00
180.00   73.88
180.00   73.75
180.00   73.62
180.00   73.50
180.00   73.38
180.00   73.25
180.00   73.12
180.00   73.00
180.00   72.88
180.00   72.75
180.00   72.62
180.00   72.50
180.00   72.38
180.00   72.25
180.00   72.12
180.00   72.00
180.00   71.88
180.00   71.75
180.00   71.62
180.00   71.50
180.00   71.38
180.00   71.25
180.00   71.12
180.00   71.00
180.00   70.88
180.00   70.75
180.00   70.62
180.00   70.50
180.00   70.38
180.00   70.25
180.00   70.12
180.00   70.00
180.00   69.88
180.00   69.75
180.00   69.62
180.00   69.50
180.00   69.38
180.00   69.25
180.00   69.12
180.00   69.00
180.00   68.88
180.00   68.75
180.00   68.62
180.00   68.50
180.00   68.38
180.00   68.25
180.00   68.12
180.00   68.00
180.00   67.88
180.00   67.75
180.00   67.62
180.00   67.50
180.00   67.38
180.00   67.25
180.00   67.12
180.00   67.00
180.00   66.88
180.00   66.75
180.00   66.62
180.00   66.50
180.00   66.38
180.00   66.25
180.00   66.12
180.00   66.00
#ARCTIC_-150
-150.00   90.00
-150.00   89.88
-150.00   89.75
-150.00   89.62
-150.00   89.50
-150.00   89.38
-150.00   89.25
-150.00   89.12
-150.00   89.00
-150.00   88.88
-150.00   88.75
-150.00   88.62
-150.00   88.50
-150.00   88.38
-150.00   88.25
-150.00   88.12
-150.00   88.00
-150.00   87.88
-150.00   87.75
-150.00   87.62
-150.00   87.50
-150.00   87.38
-150.00   87.25
-150.00   87.12
-150.00   87.00
-150.00   86.88
-150.00   86.75
-150.00   86.62
-150.00   86.50
-150.00   86.38
-150.00   86.25
-150.00   86.12
-150.00   86.00
-150.00   85.88
-150.00   85.75
-150.00   85.62
-150.00   85.50
-150.00   85.38
-150.00   85.25
-150.00   85.12
-150.00   85.00
-150.00   84.88
-150.00   84.75
-150.00   84.62
-150.00   84.50
-150.00   84.38
-150.00   84.25
-150.00   84.12
-150.00   84.00
-150.00   83.88
-150.00   83.75
-150.00   83.62
-150.00   83.50
-150.00   83.38
-150.00   83.25
-150.00   83.12
-150.00   83.00
-150.00   82.88
-150.00   82.75
-150.00   82.62
-150.00   82.50
-150.00   82.38
-150.00   82.25
-150.00   82.12
-150.00   82.00
-150.00   81.88
-150.00   81.75
-150.00   81.62
-150.00   81.50
-150.00   81.38
-150.00   81.25
-150.00   81.12
-150.00   81.00
-150.00   80.88
-150.00   80.75
-150.00   80.62
-150.00   80.50
-150.00   80.38
-150.00   80.25
-150.00   80.12
-150.00   80.00
-150.00   79.88
-150.00   79.75
-150.00   79.62
-150.00   79.50
-150.00   79.38
-150.00   79.25
-150.00   79.12
-150.00   79.00
-150.00   78.88
-150.00   78.75
-150.00   78.62
-150.00   78.50
-150.00   78.38
-150.00   78.25
-150.00   78.12
-150.00   78.00
-150.00   77.88
-150.00   77.75
-150.00   77.62
-150.00   77.50
-150.00   77.38
-150.00   77.25
-150.00   77.12
-150.00   77.00
-150.00   76.88
-150.00   76.75
-150.00   76.62
-150.00   76.50
-150.00   76.38
-150.00   76.25
-150.00   76.12
-150.00   76.00
-150.00   75.88
-150.00   75.75
-150.00   75.62
-150.00   75.50
-150.00   75.38
-150.00   75.25
-150.00   75.12
-150.00   75.00
-150.00   74.88
-150.00   74.75
-150.00   74.62
-150.00   74.50
-150.00   74.38
-150.00   74.25
-150.00   74.12
-150.00   74.00
-150.00   73.88
-150.00   73.75
-150.00   73.62
-150.00   73.50
-150.00   73.38
-150.00   73.25
-150.00   73.12
-150.00   73.00
-150.00   72.88
-150.00   72.75
-150.00   72.62
-150.00   72.50
-150.00   72.38
-150.00   72.25
-150.00   72.12
-150.00   72.00
-150.00   71.88
-150.00   71.75
-150.00   71.62
-150.00   71.50
-150.00   71.38
-150.00   71.25
-150.00   71.12
-150.00   71.00
-150.00   70.88
-150.00   70.75
-150.00   70.62
-150.00   70.50
-150.00   70.38
-150.00   70.25
-150.00   70.12
-150.00   70.00
#ARCTIC_-120
-120.00   90.00
-120.00   89.88
-120.00   89.75
-120.00   89.62
-120.00   89.50
-120.00   89.38
-120.00   89.25
-120.00   89.12
-120.00   89.00
-120.00   88.88
-120.00   88.75
-120.00   88.62
-120.00   88.50
-120.00   88.38
-120.00   88.25
-120.00   88.12
-120.00   88.00
-120.00   87.88
-120.00   87.75
-120.00   87.62
-120.00   87.50
-120.00   87.38
-120.00   87.25
-120.00   87.12
-120.00   87.00
-120.00   86.88
-120.00   86.75
-120.00   86.62
-120.00   86.50
-120.00   86.38
-120.00   86.25
-120.00   86.12
-120.00   86.00
-120.00   85.88
-120.00   85.75
-120.00   85.62
-120.00   85.50
-120.00   85.38
-120.00   85.25
-120.00   85.12
-120.00   85.00
-120.00   84.88
-120.00   84.75
-120.00   84.62
-120.00   84.50
-120.00   84.38
-120.00   84.25
-120.00   84.12
-120.00   84.00
-120.00   83.88
-120.00   83.75
-120.00   83.62
-120.00   83.50
-120.00   83.38
-120.00   83.25
-120.00   83.12
-120.00   83.00
-120.00   82.88
-120.00   82.75
-120.00   82.62
-120.00   82.50
-120.00   82.38
-120.00   82.25
-120.00   82.12
-120.00   82.00
-120.00   81.88
-120.00   81.75
-120.00   81.62
-120.00   81.50
-120.00   81.38
-120.00   81.25
-120.00   81.12
-120.00   81.00
-120.00   80.88
-120.00   80.75
-120.00   80.62
-120.00   80.50
-120.00   80.38
-120.00   80.25
-120.00   80.12
-120.00   80.00
-120.00   79.88
-120.00   79.75
-120.00   79.62
-120.00   79.50
-120.00   79.38
-120.00   79.25
-120.00   79.12
-120.00   79.00
-120.00   78.88
-120.00   78.75
-120.00   78.62
-120.00   78.50
-120.00   78.38
-120.00   78.25
-120.00   78.12
-120.00   78.00
-120.00   77.88
-120.00   77.75
-120.00   77.62
-120.00   77.50
-120.00   77.38
-120.00   77.25
-120.00   77.12
-120.00   77.00
-120.00   76.88
-120.00   76.75
-120.00   76.62
-120.00   76.50
-120.00   76.38
-120.00   76.25
-120.00   76.12
-120.00   76.00
-120.00   75.88
-120.00   75.75
-120.00   75.62
-120.00   75.50
-120.00   75.38
-120.00   75.25
-120.00   75.12
-120.00   75.00
-120.00   74.88
-120.00   74.75
-120.00   74.62
-120.00   74.50
-120.00   74.38
-120.00   74.25
-120.00   74.12
-120.00   74.00
-120.00   73.88
-120.00   73.75
-120.00   73.62
-120.00   73.50
-120.00   73.38
-120.00   73.25
-120.00   73.12
-120.00   73.00
-120.00   72.88
-120.00   72.75
-120.00   72.62
-120.00   72.50
-120.00   72.38
-120.00   72.25
-120.00   72.12
-120.00   72.00
-120.00   71.88
-120.00   71.75
-120.00   71.62
-120.00   71.50
-120.00   71.38
-120.00   71.25
-120.00   71.12
-120.00   71.00
-120.00   70.88
-120.00   70.75
-120.00   70.62
-120.00   70.50
-120.00   70.38
-120.00   70.25
-120.00   70.12
-120.00   70.00
-120.00   69.88
-120.00   69.75
-120.00   69.62
-120.00   69.50
-120.00   69.38
-120.00   69.25
-120.00   69.12
-120.00   69.00
-120.00   68.88
-120.00   68.75
-120.00   68.62
-120.00   68.50
-120.00   68.38
-120.00   68.25
-120.00   68.12
-120.00   68.00
-120.00   68.00
#ARCTIC_-90
-90.00   90.00
-90.00   89.88
-90.00   89.75
-90.00   89.62
-90.00   89.50
-90.00   89.38
-90.00   89.25
-90.00   89.12
-90.00   89.00
-90.00   88.88
-90.00   88.75
-90.00   88.62
-90.00   88.50
-90.00   88.38
-90.00   88.25
-90.00   88.12
-90.00   88.00
-90.00   87.88
-90.00   87.75
-90.00   87.62
-90.00   87.50
-90.00   87.38
-90.00   87.25
-90.00   87.12
-90.00   87.00
-90.00   86.88
-90.00   86.75
-90.00   86.62
-90.00   86.50
-90.00   86.38
-90.00   86.25
-90.00   86.12
-90.00   86.00
-90.00   85.88
-90.00   85.75
-90.00   85.62
-90.00   85.50
-90.00   85.38
-90.00   85.25
-90.00   85.12
-90.00   85.00
-90.00   84.88
-90.00   84.75
-90.00   84.62
-90.00   84.50
-90.00   84.38
-90.00   84.25
-90.00   84.12
-90.00   84.00
-90.00   83.88
-90.00   83.75
-90.00   83.62
-90.00   83.50
-90.00   83.38
-90.00   83.25
-90.00   83.12
-90.00   83.00
-90.00   82.88
-90.00   82.75
-90.00   82.62
-90.00   82.50
-90.00   82.38
-90.00   82.25
-90.00   82.12
-90.00   82.00
-90.00   81.88
-90.00   81.75
-90.00   81.62
-90.00   81.50
-90.00   81.38
-90.00   81.25
-90.00   81.12
-90.00   81.00
-90.00   80.88
-90.00   80.75
-90.00   80.62
-90.00   80.50
-90.00   80.38
-90.00   80.25
-90.00   80.12
-90.00   80.00
-90.00   79.88
-90.00   79.75
-90.00   79.62
-90.00   79.50
-90.00   79.38
-90.00   79.25
-90.00   79.12
-90.00   79.00
-90.00   78.88
-90.00   78.75
-90.00   78.62
-90.00   78.50
-90.00   78.38
-90.00   78.25
-90.00   78.12
-90.00   78.00
-90.00   77.88
-90.00   77.75
-90.00   77.62
-90.00   77.50
-90.00   77.38
-90.00   77.25
-90.00   77.12
-90.00   77.00
-90.00   76.88
-90.00   76.75
-90.00   76.62
-90.00   76.50
-90.00   76.38
-90.00   76.25
-90.00   76.12
-90.00   76.00
-90.00   75.88
-90.00   75.75
-90.00   75.62
-90.00   75.50
-90.00   75.38
-90.00   75.25
-90.00   75.12
-90.00   75.00
-90.00   74.88
-90.00   74.75
-90.00   74.62
-90.00   74.50
-90.00   74.38
-90.00   74.25
-90.00   74.12
-90.00   74.00
-90.00   73.88
-90.00   73.75
-90.00   73.62
-90.00   73.50
-90.00   73.38
-90.00   73.25
-90.00   73.12
-90.00   73.00
-90.00   72.88
-90.00   72.75
-90.00   72.62
-90.00   72.50
-90.00   72.38
-90.00   72.25
-90.00   72.12
-90.00   72.00
-90.00   71.88
-90.00   71.75
-90.00   71.62
-90.00   71.50
-90.00   71.38
-90.00   71.25
-90.00   71.12
-90.00   71.00
-90.00   70.88
-90.00   70.75
-90.00   70.62
-90.00   70.50
-90.00   70.38
-90.00   70.25
-90.00   70.12
-90.00   70.00
-90.00   69.88
-90.00   69.75
-90.00   69.62
-90.00   69.50
-90.00   69.38
-90.00   69.25
-90.00   69.12
-90.00   69.00
-90.00   68.88
-90.00   68.75
-90.00   68.62
-90.00   68.50
-90.00   68.38
-90.00   68.25
-90.00   68.12
-90.00   68.00
-90.00   67.88
-90.00   67.75
-90.00   67.62
-90.00   67.50
-90.00   67.38
-90.00   67.25
-90.00   67.12
-90.00   67.00
-90.00   66.88
-90.00   66.75
-90.00   66.62
-90.00   66.50
-90.00   66.38
-90.00   66.25
-90.00   66.12
-90.00   66.00
-90.00   65.88
-90.00   65.75
-90.00   65.62
-90.00   65.50
-90.00   65.38
-90.00   65.25
-90.00   65.12
-90.00   65.00
-90.00   64.88
-90.00   64.75
-90.00   64.62
-90.00   64.50
-90.00   64.38
-90.00   64.25
-90.00   64.12
-90.00   64.00
-90.00   63.87
-90.00   63.75
-90.00   63.62
-90.00   63.50
-90.00   63.38
-90.00   63.25
-90.00   63.12
-90.00   63.00
-90.00   62.88
-90.00   62.75
-90.00   62.62
-90.00   62.50
-90.00   62.38
-90.00   62.25
-90.00   62.12
-90.00   62.00
-90.00   61.87
-90.00   61.75
-90.00   61.62
-90.00   61.50
-90.00   61.38
-90.00   61.25
-90.00   61.12
-90.00   61.00
-90.00   60.88
-90.00   60.75
-90.00   60.62
-90.00   60.50
-90.00   60.38
-90.00   60.25
-90.00   60.12
-90.00   60.00
-90.00   59.87
-90.00   59.75
-90.00   59.63
-90.00   59.50
-90.00   59.37
-90.00   59.25
-90.00   59.12
-90.00   59.00
-90.00   58.88
-90.00   58.75
-90.00   58.62
-90.00   58.50
-90.00   58.38
-90.00   58.25
-90.00   58.12
-90.00   58.00
-90.00   57.88
-90.00   57.75
-90.00   57.62
-90.00   57.50
-90.00   57.37
-90.00   57.25
-90.00   57.12
-90.00   57.00
-90.00   56.88
-90.00   56.75
-90.00   56.62
-90.00   56.50
-90.00   56.38
-90.00   56.25
-90.00   56.12
-90.00   56.00
-90.00   55.88
-90.00   55.75
-90.00   55.62
-90.00   55.50
-90.00   55.38
-90.00   55.25
-90.00   55.12
-90.00   55.00
-90.00   55.00
#ARCTIC_-60
-60.00   90.00
-60.00   89.88
-60.00   89.75
-60.00   89.62
-60.00   89.50
-60.00   89.38
-60.00   89.25
-60.00   89.12
-60.00   89.00
-60.00   88.88
-60.00   88.75
-60.00   88.62
-60.00   88.50
-60.00   88.38
-60.00   88.25
-60.00   88.12
-60.00   88.00
-60.00   87.88
-60.00   87.75
-60.00   87.62
-60.00   87.50
-60.00   87.38
-60.00   87.25
-60.00   87.12
-60.00   87.00
-60.00   86.88
-60.00   86.75
-60.00   86.62
-60.00   86.50
-60.00   86.38
-60.00   86.25
-60.00   86.12
-60.00   86.00
-60.00   85.88
-60.00   85.75
-60.00   85.62
-60.00   85.50
-60.00   85.38
-60.00   85.25
-60.00   85.12
-60.00   85.00
-60.00   84.88
-60.00   84.75
-60.00   84.62
-60.00   84.50
-60.00   84.38
-60.00   84.25
-60.00   84.12
-60.00   84.00
-60.00   83.88
-60.00   83.75
-60.00   83.62
-60.00   83.50
-60.00   83.38
-60.00   83.25
-60.00   83.12
-60.00   83.00
-60.00   82.88
-60.00   82.75
-60.00   82.62
-60.00   82.50
-60.00   82.38
-60.00   82.25
-60.00   82.12
-60.00   82.00
-60.00   81.88
-60.00   81.75
-60.00   81.62
-60.00   81.50
-60.00   81.38
-60.00   81.25
-60.00   81.12
-60.00   81.00
-60.00   80.88
-60.00   80.75
-60.00   80.62
-60.00   80.50
-60.00   80.38
-60.00   80.25
-60.00   80.12
-60.00   80.00
-60.00   79.88
-60.00   79.75
-60.00   79.62
-60.00   79.50
-60.00   79.38
-60.00   79.25
-60.00   79.12
-60.00   79.00
-60.00   78.88
-60.00   78.75
-60.00   78.62
-60.00   78.50
-60.00   78.38
-60.00   78.25
-60.00   78.12
-60.00   78.00
-60.00   77.88
-60.00   77.75
-60.00   77.62
-60.00   77.50
-60.00   77.38
-60.00   77.25
-60.00   77.12
-60.00   77.00
-60.00   76.88
-60.00   76.75
-60.00   76.62
-60.00   76.50
-60.00   76.38
-60.00   76.25
-60.00   76.12
-60.00   76.00
-60.00   75.88
-60.00   75.75
-60.00   75.62
-60.00   75.50
-60.00   75.38
-60.00   75.25
-60.00   75.12
-60.00   75.00
-60.00   74.88
-60.00   74.75
-60.00   74.62
-60.00   74.50
-60.00   74.38
-60.00   74.25
-60.00   74.12
-60.00   74.00
-60.00   73.88
-60.00   73.75
-60.00   73.62
-60.00   73.50
-60.00   73.38
-60.00   73.25
-60.00   73.12
-60.00   73.00
-60.00   72.88
-60.00   72.75
-60.00   72.62
-60.00   72.50
-60.00   72.38
-60.00   72.25
-60.00   72.12
-60.00   72.00
-60.00   71.88
-60.00   71.75
-60.00   71.62
-60.00   71.50
-60.00   71.38
-60.00   71.25
-60.00   71.12
-60.00   71.00
-60.00   70.88
-60.00   70.75
-60.00   70.62
-60.00   70.50
-60.00   70.38
-60.00   70.25
-60.00   70.12
-60.00   70.00
-60.00   69.88
-60.00   69.75
-60.00   69.62
-60.00   69.50
-60.00   69.38
-60.00   69.25
-60.00   69.12
-60.00   69.00
-60.00   68.88
-60.00   68.75
-60.00   68.62
-60.00   68.50
-60.00   68.38
-60.00   68.25
-60.00   68.12
-60.00   68.00
-60.00   67.88
-60.00   67.75
-60.00   67.62
-60.00   67.50
-60.00   67.38
-60.00   67.25
-60.00   67.12
-60.00   67.00
-60.00   66.88
-60.00   66.75
-60.00   66.62
-60.00   66.50
-60.00   66.38
-60.00   66.25
-60.00   66.12
-60.00   66.00
-60.00   65.88
-60.00   65.75
-60.00   65.62
-60.00   65.50
-60.00   65.38
-60.00   65.25
-60.00   65.12
-60.00   65.00
-60.00   64.88
-60.00   64.75
-60.00   64.62
-60.00   64.50
-60.00   64.38
-60.00   64.25
-60.00   64.12
-60.00   64.00
-60.00   63.87
-60.00   63.75
-60.00   63.62
-60.00   63.50
-60.00   63.38
-60.00   63.25
-60.00   63.12
-60.00   63.00
-60.00   62.88
-60.00   62.75
-60.00   62.62
-60.00   62.50
-60.00   62.38
-60.00   62.25
-60.00   62.12
-60.00   62.00
-60.00   61.87
-60.00   61.75
-60.00   61.62
-60.00   61.50
-60.00   61.38
-60.00   61.25
-60.00   61.12
-60.00   61.00
-60.00   60.88
-60.00   60.75
-60.00   60.62
-60.00   60.50
-60.00   60.38
-60.00   60.25
-60.00   60.12
-60.00   60.00
-60.00   59.87
-60.00   59.75
-60.00   59.63
-60.00   59.50
-60.00   59.37
-60.00   59.25
-60.00   59.12
-60.00   59.00
-60.00   58.88
-60.00   58.75
-60.00   58.62
-60.00   58.50
-60.00   58.38
-60.00   58.25
-60.00   58.12
-60.00   58.00
-60.00   57.88
-60.00   57.75
-60.00   57.62
-60.00   57.50
-60.00   57.37
-60.00   57.25
-60.00   57.12
-60.00   57.00
-60.00   56.88
-60.00   56.75
-60.00   56.62
-60.00   56.50
-60.00   56.38
-60.00   56.25
-60.00   56.12
-60.00   56.00
-60.00   55.88
-60.00   55.75
-60.00   55.62
-60.00   55.50
-60.00   55.38
-60.00   55.25
-60.00   55.12
-60.00   55.00
-60.00   55.00
#ARCTIC_-30
-30.00   90.00
-30.00   89.88
-30.00   89.75
-30.00   89.62
-30.00   89.50
-30.00   89.38
-30.00   89.25
-30.00   89.12
-30.00   89.00
-30.00   88.88
-30.00   88.75
-30.00   88.62
-30.00   88.50
-30.00   88.38
-30.00   88.25
-30.00   88.12
-30.00   88.00
-30.00   87.88
-30.00   87.75
-30.00   87.62
-30.00   87.50
-30.00   87.38
-30.00   87.25
-30.00   87.12
-30.00   87.00
-30.00   86.88
-30.00   86.75
-30.00   86.62
-30.00   86.50
-30.00   86.38
-30.00   86.25
-30.00   86.12
-30.00   86.00
-30.00   85.88
-30.00   85.75
-30.00   85.62
-30.00   85.50
-30.00   85.38
-30.00   85.25
-30.00   85.12
-30.00   85.00
-30.00   84.88
-30.00   84.75
-30.00   84.62
-30.00   84.50
-30.00   84.38
-30.00   84.25
-30.00   84.12
-30.00   84.00
-30.00   83.88
-30.00   83.75
-30.00   83.62
-30.00   83.50
-30.00   83.38
-30.00   83.25
-30.00   83.12
-30.00   83.00
-30.00   82.88
-30.00   82.75
-30.00   82.62
-30.00   82.50
-30.00   82.38
-30.00   82.25
-30.00   82.12
-30.00   82.00
-30.00   81.88
-30.00   81.75
-30.00   81.62
-30.00   81.50
-30.00   81.38
-30.00   81.25
-30.00   81.12
-30.00   81.00
-30.00   80.88
-30.00   80.75
-30.00   80.62
-30.00   80.50
-30.00   80.38
-30.00   80.25
-30.00   80.12
-30.00   80.00
#MOORINGS
   2.00  66.00
   0.00  90.00
 105.00  80.97
 101.43  80.37
 125.67  78.47
 125.92  76.73
 142.35  79.93
-131.88  71.77
  30.92  81.57
