0.0 
5.0 
10.0  
15.0 
20.0 
25.0 
30.0 
40.0 
50.0 
62.5 
75.0 
87.5 
100.0 
112.5 
125.0   
137.5 
150.0 
175.0 
200.0 
225.0 
250.0 
275.0 
300.0 
350.0 
400.0 
450.0 
500.0 
550.0 
600.0 
650.0 
700.0 
750.0 
800.0 
850.0 
900.0 
950.0 
1000.0 
1050.0 
1100.0 
1150.0 
1200.0 
1250.0 
1300.0 
1350.0 
1400.0 
1450.0 
1500.0 
1625.0 
1750.0 
1875.0 
2000.0 
2250.0 
2500.0 
2750.0 
3000.0 
3250.0 
3500.0 
3750.0 
4000.0 
4250.0 
4500.0 
4750.0 
5000.0 
5250.0 
5500.0 
5750.0 
6000.0 
6250.0 
6500.0 
6705.0 
