  0.494025
  1.541375
  2.645669
  3.819495
  5.078224
  6.440614
  7.929560
  9.572997
 11.405000
 13.467140
 15.810070
 18.495560
 21.598820
 25.211410
 29.444730
 34.434150
 40.344050
 47.373690
 55.764290
 65.807270
 77.853850
 92.326070
109.729300
130.666000
155.850700
186.125600
222.475200
266.040300
318.127400
380.213000
453.937700
541.088900
643.566800
763.333100
902.339300
1062.440000
1245.291000
1452.251000
1684.284000
1941.893000
2225.078000
2533.336000
2865.703000
3220.820000
3597.032000
3992.484000
4405.224000
4833.291000
5274.784000
5727.917000